# Created by Octave 3.2.4, Wed Jan 09 21:17:03 2013 CET <jonas@desctop>
# name: maxy
# type: matrix
# rows: 1
# columns: 901
 1.059056225282633 1.060224994949335 1.061404713300134 1.062595355020813 1.063796901930693 1.065009335779882 1.066232638247618 1.067466790940051 1.068711775403762 1.069967573120182 1.071234165506512 1.072511534131651 1.07379966020126 1.075098524810201 1.076408109143178 1.077728394349299 1.079059361528052 1.08040099173188 1.081753265960626 1.083116165182218 1.084489670324305 1.085873762271088 1.08726842187128 1.088673630093145 1.090089367609295 1.091515615112736 1.092952353334588 1.094399562979643 1.095857224726144 1.097325319227474 1.098803827129823 1.100292729051876 1.101792005597199 1.103301637361036 1.104821604922404 1.106351888846333 1.107892469696304 1.109443328029234 1.111004444412182 1.112575799504291 1.114157373713862 1.115749147589598 1.117351101688474 1.118963216567414 1.120585472786664 1.122217850920263 1.123860331550165 1.125512895263084 1.127175522673888 1.128848194401359 1.130530891081247 1.132223593395417 1.133926282173385 1.135638937921761 1.137361541361445 1.139094073233398 1.140836514309941 1.142588845387825 1.144351047291216 1.146123100878336 1.147904987032852 1.149696686674089 1.151498181083212 1.153309450935754 1.155130477233929 1.156961241044434 1.158801723472852 1.160651905663585 1.162511768807286 1.164381294134231 1.166260462922053 1.1681492567001 1.170047657149041 1.171955645161271 1.173873202189908 1.175800309781336 1.177736949502991 1.179683102999584 1.181638751946523 1.183603878226819 1.185578463873149 1.187562490597465 1.189555941596669 1.191558797799053 1.193571041328948 1.195592654662461 1.197623605962569 1.199663905290538 1.201713485888641 1.203772391779717 1.205840575421987 1.207918022035107 1.210004716804167 1.2121006330153 1.214205759143105 1.216320079337346 1.21844357616754 1.220576259234101 1.222718069855753 1.22486898102189 1.227029003689557 1.229198119153316 1.231376309855942 1.233563558663488 1.235759849117027 1.237965164021914 1.240179486798075 1.242402801001047 1.244635090204368 1.246876338187081 1.249126541168942 1.25138566254639 1.253653694895095 1.255930622262856 1.258216428669841 1.260511098859567 1.262814617795416 1.265126950608084 1.26744812329759 1.269778032263609 1.272116775601912 1.274464288972226 1.276820571263259 1.279185562804505 1.281559297795415 1.283941757770989 1.286332870660237 1.288732700494629 1.291141194460734 1.29355833913989 1.295984059258664 1.298418446547379 1.300861440868622 1.303313027742533 1.30577319308455 1.308241922764024 1.310719202737031 1.313205019043905 1.315699366332953 1.318202213699943 1.320713556156289 1.323233386520486 1.325761677565732 1.328298464999707 1.330843647929972 1.333397258781091 1.335959284376195 1.338529711616378 1.341108527486054 1.343695719039102 1.346291273438075 1.348895177888873 1.351507419712809 1.354127986303054 1.356756865200795 1.35939404413529 1.362039510537652 1.364693252153967 1.367355256811484 1.37002551242733 1.372704007001066 1.375390728621702 1.37808566546018 1.38078880577381 1.383500137903036 1.386219651436887 1.388947334692759 1.391683175581806 1.394427162979472 1.397179285248331 1.399939531204535 1.40270789007474 1.405484350678589 1.408268902047803 1.411061533369061 1.4138622339099 1.416670993203951 1.41948780076324 1.422312645944409 1.425145518354003 1.427986407686962 1.43083528950744 1.433692166659269 1.43655703207535 1.439429874920978 1.442310685246347 1.445199456510753 1.448096178078936 1.451000837027819 1.453913424210007 1.456833953448187 1.459762353161758 1.462698653373098 1.46564284460615 1.468594917646774 1.4715548630192 1.474522673455564 1.477498344683859 1.480481869753236 1.483473220843464 1.486472374876891 1.489479373186109 1.492494157594911 1.495516757035193 1.498547149950593 1.501585327281616 1.504631280620791 1.507685001705545 1.51074648236754 1.51381571452098 1.516892690157169 1.519977401366092 1.523069840302745 1.526170012879446 1.529277879731713 1.532393451611717 1.53551672098479 1.538647680899796 1.541786323941388 1.544932642557581 1.548086632102637 1.551248284989464 1.554417573235144 1.557594520480112 1.560779124708108 1.563971323201041 1.567171173481866 1.570378651967737 1.573593692203655 1.576816367040263 1.580046652200511 1.583284574936931 1.58653000777335 1.589783018801302 1.593043625991678 1.596311794450066 1.599587542111399 1.602870877745687 1.606161773782534 1.609460163459709 1.612766282050659 1.616079906423342 1.619401031142055 1.622729650906208 1.626066026717753 1.629410159503179 1.632761744489488 1.636120775858057 1.639487248034627 1.642861162524183 1.646243481795276 1.649633193902178 1.653030292299919 1.656434770141013 1.659846617632955 1.663265829578647 1.666692666338272 1.670128153536474 1.673570946140801 1.677021035697306 1.680478411787843 1.68394306135588 1.687414966222532 1.690894110763285 1.694380942602006 1.697876879063434 1.701380070819189 1.704890501961573 1.708408153955896 1.71193301999081 1.715465144178254 1.719004527876054 1.722551157250971 1.726105018813 1.729666107080026 1.733235612572216 1.736814061405927 1.740399704726524 1.743992527564542 1.74759251533626 1.75119965391166 1.754813954040546 1.758435572566217 1.7620645117333 1.765700748037474 1.76934427968026 1.772995065803787 1.776653095220502 1.780318339516344 1.783990782648317 1.787670410244858 1.791357200924218 1.795051726572144 1.798756585885054 1.802468684974776 1.806187757969973 1.809908111694579 1.813645482845197 1.817382965420135 1.821128711571042 1.824879312090457 1.828641012183828 1.832411175445355 1.836196828041294 1.839979321143214 1.843769562423695 1.847567422025225 1.851371817729987 1.855183407962978 1.859002415899333 1.862828791503766 1.86666250851219 1.870503584902008 1.87435194071765 1.87820761458777 1.882070529084925 1.885941683890811 1.889821253311024 1.893708124395215 1.897601993030803 1.901502132371098 1.905411271133086 1.909339019615965 1.913245859616141 1.917177189204753 1.921112667002791 1.925057919436243 1.929012850668259 1.932974879480533 1.936943968854081 1.940920065920225 1.944903237042382 1.948893319241809 1.952890428628116 1.956894429548583 1.960905333457198 1.964922999106365 1.968947309990344 1.97297802248131 1.977014776012088 1.981057023477144 1.985104129318961 1.989156420016732 1.993252571041954 1.997295963417244 2.001384525321835 2.005480001740698 2.009581034849274 2.013688175633315 2.017801841278832 2.021922348419985 2.026049721371618 2.030184226183615 2.034325779819601 2.038474526392761 2.042630502975745 2.0467937075509 2.050964148131359 2.055141838960941 2.059326789572385 2.063519023790561 2.067718508163416 2.071925255714818 2.07613926506434 2.080360528761738 2.084589017170469 2.088824736743045 2.093067634385497 2.097317736766139 2.101575108155944 2.105839613192899 2.110111221407078 2.114390158630735 2.118676215582739 2.122969447499522 2.127269944656208 2.131577501075319 2.135892456013218 2.140214656692373 2.144543824490677 2.148880477970865 2.153224302261182 2.157575345479962 2.161933595022234 2.166299093747048 2.170671935475038 2.175051912531061 2.179439061241372 2.18383357963349 2.188235292590945 2.192644164924756 2.197060276747322 2.201483635885092 2.20591424907327 2.210351988173143 2.214796940928724 2.219249175295793 2.223708577690642 2.228175190223979 2.232648921077157 2.237129948390113 2.241618079808342 2.246113403914675 2.250615740254071 2.255125468870185 2.259642037538373 2.264165846220028 2.26869704497586 2.273235649993617 2.277781253269663 2.282334137057776 2.286894211160381 2.291461527937149 2.296036090549452 2.300617696952294 2.305206441109102 2.309802640009829 2.314405880072168 2.319016362686757 2.323633904533463 2.328258599116334 2.332890524683072 2.337529603221534 2.342175748836581 2.346829087615971 2.351489578176694 2.356157221639234 2.360831999076371 2.365513878452603 2.370202651652884 2.37489861134901 2.379603026689804 2.384314699166002 2.389033709073483 2.393759888651612 2.398493209360001 2.40323375522394 2.407981763238582 2.412736805711058 2.417499064921504 