# Created by Octave 3.2.4, Wed Jan 09 21:16:49 2013 CET <jonas@desctop>
# name: miny
# type: matrix
# rows: 1
# columns: 901
 1.059056140472221 1.05905619159764 1.060224957067603 1.061404680712281 1.062595326348047 1.06379687889012 1.065009323206887 1.066232617074561 1.067466757526657 1.068711735748864 1.069967528031817 1.07123411166295 1.072511465803588 1.073799613532096 1.075098487865864 1.076408077491999 1.077728369160086 1.07905934888952 1.080400970975344 1.08175323035884 1.083116122691335 1.084489622079719 1.085873704119951 1.087268359477461 1.088673585094165 1.090089329895369 1.091515582455 1.092952329338798 1.094399544788636 1.095857188224417 1.097325274975877 1.098803776790054 1.100292667626783 1.101791947127083 1.103301594619568 1.104821569285307 1.106351861451523 1.107892459869886 1.109443295068777 1.111004399876758 1.112575747240562 1.114157307590466 1.115749085951454 1.117351058534582 1.11896318156057 1.120585448375441 1.122217840589677 1.123860294654346 1.125512848400462 1.127175467129872 1.128848119870706 1.130530839723513 1.132223553976469 1.133926250540243 1.135638922525164 1.137361509205013 1.139094027802248 1.140836460662011 1.142588774981641 1.144350994571144 1.14612306118341 1.147904956371431 1.14969667622898 1.1514981436456 1.153309401255896 1.15513041565715 1.156961167371599 1.158801677158075 1.160651869774911 1.162511749991444 1.164381263206936 1.166260413375053 1.168149194905548 1.170047572061053 1.171955593503535 1.173873161057084 1.17580028556556 1.177736909116594 1.179683046307704 1.181638681748341 1.183603808088322 1.185578410703146 1.187562447864575 1.189555889225371 1.191558723308379 1.193570933937644 1.195592585288856 1.197623538412547 1.199663853543304 1.201713462739967 1.203772347676792 1.205840512584451 1.207917927207794 1.210004666738615 1.212100575749289 1.214205680147984 1.216319997689655 1.218443519281994 1.220576204446657 1.222717979261529 1.224868900216135 1.227028926265462 1.229198040283654 1.231376219637012 1.233563488276922 1.235759795521927 1.237965122392253 1.240179469302362 1.242402756351249 1.244635032039589 1.246876267009269 1.249126482330838 1.251385583227818 1.253653590233057 1.255930548852539 1.258216367385893 1.260511016368019 1.262814511290526 1.265126827567267 1.267448028472527 1.269777969517585 1.272116732648556 1.27446427625189 1.276820489393123 1.279185476683896 1.281559253209955 1.283941649082929 1.286332800648488 1.288732627066097 1.291141127830756 1.29355825085942 1.295984023656816 1.298418432649883 1.30086139965312 1.303312974696437 1.305773124603762 1.308241865441771 1.310719163037434 1.313204994288013 1.315699315350364 1.318202152027751 1.320713473696155 1.323233332493592 1.325761638068307 1.328298360196279 1.330843537259363 1.333397156690683 1.335959202540444 1.338529644739408 1.341108490266852 1.343695647345929 1.346291190772032 1.348895077083968 1.351507338465121 1.354127928047413 1.356756823562657 1.359394011706958 1.362039454206406 1.364693186864814 1.367355177444845 1.370025463142552 1.372703970668182 1.375390705922079 1.378085619201028 1.380788748504209 1.383500083305204 1.386219616069992 1.388947315562044 1.391683137646323 1.394427109854743 1.39717921434817 1.399939488407707 1.402707864691019 1.405484302819684 1.408268833559411 1.411061459542029 1.4138621819726 1.416670968244832 1.419487734313911 1.422312560836956 1.425145443609863 1.427986339407403 1.430835229671371 1.433692106633637 1.436556970670369 1.439429815932658 1.442310652595755 1.445199441804073 1.448096143175223 1.451000783317214 1.453913377503241 1.456833879891956 1.459762281871839 1.462698574185156 1.465642790772071 1.46859488220211 1.471554853534815 1.474522637323684 1.477498281544598 1.480481825702227 1.483473154173313 1.486472326720016 1.489479326715181 1.492494117228698 1.495516705939603 1.498547119659284 1.501585309105725 1.504631260429408 1.50768496913742 1.510746445702832 1.513815693403104 1.516892676007042 1.519977374046285 1.523069811790561 1.526169980954322 1.529277843956676 1.532393418346485 1.535516701820236 1.538647664348019 1.54178629981269 1.544932627212305 1.548086612664054 1.551248260775796 1.554417568553868 1.557594502600157 1.560779088158302 1.563971307166994 1.567171149361631 1.57037860938199 1.573593679570524 1.576816358433433 1.580046636381901 1.58328450098788 1.586529948320768 1.5897829746478 1.593043601226243 1.596311720058541 1.599587501535534 1.602870754992905 1.606161577376684 1.609459963245316 1.612765874519076 1.616079317893468 1.619400257487306 1.622728753084455 1.626064756693307 1.629408221676907 1.632759225953557 1.63611778646416 1.639483709728695 1.642857164714762 1.646238158792406 1.649626587215365 1.653022341083081 1.656425792248032 1.659836700241474 1.663254891160357 1.666680534515387 1.670113735738433 1.673554348144684 1.677002458590578 1.680457833328189 1.683920626198879 1.687391003893606 1.690868737501415 1.69435390409295 1.697846427211244 1.701346309726558 1.704853645704409 1.708368373603807 1.711890582326956 1.715419990790992 1.718956769417095 1.72250106260071 1.726052846421209 1.729611769871688 1.733178052128181 1.736751684472601 1.740332830009732 1.743921298417379 1.7475170901591 1.751120150304763 1.754730559087023 1.758348333254394 1.761973698691771 1.765605991044223 1.769245751810441 1.772892701593138 1.776547165767942 1.780208948985749 1.783878032872452 1.787554395796527 1.79123803430423 1.794928951963589 1.798627211709942 1.802332776292813 1.806045621811018 1.809765792715303 1.813493200629244 1.817227701966037 1.820969852940868 1.824718949846741 1.828475684606677 1.832239946090371 1.836010597504732 1.839788938287692 1.843574572759638 1.84736748046142 1.851167620030092 1.854974997459852 1.858789702033729 1.862611600551428 1.866440735133709 1.870277056394501 1.874120733212257 1.877971675790507 1.881829752712418 1.885695523887996 1.889567703355694 1.893447556956943 1.897334614751813 1.901228898443257 1.905130428474576 1.90903916548002 1.91295511846429 1.916878350138159 1.920808775571516 1.924746350578703 1.928691293587049 1.932643294319157 1.936602623655599 1.940569099485336 1.944542549124508 1.948523419567907 1.952511714675321 1.956506894475442 1.960509565374035 1.964519221795435 1.968536139665415 1.97256024720383 1.976591414919128 1.980630002026756 1.984675753980357 1.988728611210756 1.992788749523135 1.996855950618503 2.000930422098888 2.005012004240372 2.009100846687282 2.013196814442999 2.017300159366588 2.021410401609746 2.025527797167001 2.029652641689817 2.033784521695845 2.037923702495976 2.042069865568708 2.04622333730775 2.050383980650534 2.05455180824578 2.058726721895155 2.06290882174817 2.067098556762767 2.071294698984705 2.075498264964312 2.07970909228597 2.083927036749292 2.088152199683812 2.092384396104435 2.096623944068372 2.100870596181188 2.105124481882309 2.10938537370161 2.113653505538396 2.117928866462255 2.122211395202596 2.126501154962638 2.130797771857472 2.135101451465315 2.139412782823131 2.143731065167191 2.14805648703776 2.152389136602327 2.156728962875016 2.161075891870732 2.165429593070278 2.169790898775654 2.174159269050414 2.178534821166785 2.182917502655501 2.187307260964645 2.191704366596905 2.196108539729194 2.200519701374341 2.204938340826729 2.209364291781788 2.213796911745809 2.218236811753139 2.222683863210281 2.227138403351771 2.231599471092822 2.236068070103826 2.240543393731012 2.245026499808023 2.249516234508463 2.254013712926263 2.258517904370969 2.263029448817204 2.267547919233394 2.272073900571059 2.276606972066385 2.281147016467252 2.285694557773824 2.290248708261767 2.294810496875038 2.29937977725407 2.303955099080532 2.308538242076005 2.313128382763686 2.317725720962542 2.322330357959495 2.326942088212122 2.331560812469591 2.336186805612119 2.340819961605354 2.345460236442114 2.350107581196577 2.354761993128546 2.359423521531669 2.364092853989562 2.368769048488362 2.373452316053315 2.378142978083984 2.382840627503606 2.38754547705375 2.392257701350195 2.396977145701431 2.401702894941101 2.406436414592921 2.411177051266765 